CHECK SUMMARY (chosen mapping: NEH)
n: 6
bias_Z: -0.007143485315173355
rmse_Z: 0.12292025817999844
P68_absZ: 0.1301561394561361
P95_absZ: 0.18317644457361126
rmse_3D_perp: 0.1226169867961401
P68_perp: 0.1292389997169906
P95_perp: 0.18307897482436142
ok_count: 6
